angle    Bx   By  Bz
0        -458 1003 447
10       -428 980 437
20       -406 951 431
30       -385 920 434
40       -368 889 436
50       -359 848 432
60       -352 816 413
70       -361 773 427
80       -366 742 413
90       -381 702 397
100      -409 673 408
110      -447 644 406
120      -473 628 406
130      -506 615 400
140      -543 602 400
150      -582 597 395
160      -619 602 407
170      -657 612 406
180      -685 628 411
190      -715 655 404
200      -744 680 416
210      -765 717 410
220      -781 748 423
230      -794 784 424
240      -788 827 430
250      -793 854 438
260      -775 892 441
270      -758 926 456
280      -735 958 453
290      -713 984 445
300      -677 998 460
310      -643 1017 453
320      -607 1026 458
330      -577 1024 462
340      -535 1024 451
350      -499 1011 445
360      -466 990 439
370      -438 975 442
380      -409 940 444
 
